torus
0 200 0 5 35
torus
0 -200 0 5 35
ident
rotate
z 90
rotate 
y 20
move
250 320 0
apply
sphere
250 370 0 40
line
220 320 0 225 340 0 
line
280 320 0 275 340 0 
box
60 315 0 130 30 20
box
310 315 0 130 30 20
hermite
190 315 310 315 60 30 60 -30
line
190 285 0 210 200 0
line
310 285 0 290 200 0 
line
210 200 0 290 200 0
line
210 200 0 220 50 0 
line
290 200 0 280 50 0
line
220 50 0 280 50 0 
line
250 50 0 250 180 0
hermite
220 50 250 50 0 -200 0 200
hermite
250 50 280 50 0 -200 0 200
line
67 360 0 67 500 0
line
57 360 0 57 500 0
line
432 360 0 432 500 0
line
442 360 0 442 500 0 
save 
display